file,recovery,drop,min_pressure,avg_pressure,max_pressure,min_difference_recovery,max_difference_recovery,min_difference_drop,max_difference_drop
00e03657-8e1e-4c8c-a724-1d3c77b48510,"[[2420.9805555555554, 2438.4241666666667], [3178.7994444444444, 3454.6875], [3764.9605555555554, 3771.1033333333335]]","[[3454.6875, 3764.9605555555554]]",78.161,96.17818552544998,168.924915,0.8420200000000051,45.50777599999999,43.020432,43.020432
00e4dba2-36d2-42b4-beb1-c55aed75f506,[],"[[13285.465, 19439.800555555557]]",34.087519,41.875554146164056,91.190003,0.0,0.0,34.842194,34.842194
00f035b7-ad7a-4f30-9081-522a3c10805b,[],"[[0.0, 42.75]]",36.936633,59.735902906329116,279.535676,0.0,0.0,227.09934100000004,227.09934100000004
01a0c034-6afc-4e73-95fa-621f702a0b7d,[],"[[0.0, 491.98305555555555]]",71.051991,89.5359370104712,152.147197,0.0,0.0,70.100558,70.100558
01a530d3-6496-4515-9fbb-4f44e298fd29,[],"[[4921.376666666667, 6209.231666666667]]",36.399626,54.579203762124166,132.21566,0.0,0.0,58.070322999999995,58.070322999999995
01aaea9a-ad84-4e6d-9945-48c8b12437a7,[],"[[2547.163888888889, 4821.4425]]",43.76177,93.92180655564981,156.91843,0.0,0.0,38.713548,38.713548
01c3faa0-cbe3-47c5-b7d4-f067748202d3,[],[],39.247342,63.20932927497152,130.698648,0.0,0.0,0.0,0.0
01d23ae5-ccfb-48ca-95e8-908c7813a2b1,[],[],61.396497,68.37914260275228,269.481822,0.0,0.0,0.0,0.0
01dd93fd-56c2-4d30-889a-4afd85126784,[],"[[3499.3475, 3592.4466666666667]]",21.083636,53.7862293130297,237.279449,0.0,0.0,116.876204,116.876204
0a1c3899-24d5-43aa-9b86-3115b3eeca64,[],"[[1.6480555555555556, 400.73]]",80.727433,82.99146194793404,105.89124,0.0,0.0,19.356775,19.356775
0a269af2-4455-4897-8a01-308ff137b15b,"[[10045.820833333333, 10165.977777777778]]",[],35.680339,90.74705969618056,207.955631,129.99961199999998,129.99961199999998,0.0,0.0
0a497cb3-4a85-4df9-9dc2-b814f4ad33b4,[],"[[19.621666666666666, 339.59805555555556], [11554.2275, 11579.2825]]",17.020992,28.956256329527356,96.182456,0.0,0.0,31.560253000000003,38.42997200000001
0a4c4fd4-25f6-4585-b8c8-b24fcf34cb28,[],"[[1552.2341666666666, 1747.1905555555556]]",38.197216,47.34843429005466,120.463507,0.0,0.0,60.973839,60.973839
0a9816bb-2a0f-44fa-82ad-cdb6e0d0eeaf,"[[1172.6930555555555, 1173.3916666666667], [1268.9944444444445, 1439.7258333333334]]","[[1159.6008333333334, 1172.6930555555555], [1173.3916666666667, 1227.515]]",16.412292,206.70094969721143,208.75088,3.3400120000000015,5.699601999999999,2.4892810000000054,4.639817999999991
0abc6388-1e87-4d01-99d3-a86d5731d168,[],[],26.823224,28.56757854485777,66.861744,0.0,0.0,0.0,0.0
0ad8ecc0-2995-4ee0-832c-5b5b4fa76f36,"[[2329.0, 3457.0]]","[[3457.0, 3913.0]]",42.557596,64.20116217387218,246.965133,160.274091,160.274091,105.88155600000002,105.88155600000002
0ae3634c-2236-42bc-94c4-571ca1b37673,"[[2305.0, 2953.0]]",[],11.304806,90.11079188619402,223.067918,53.61826500000001,53.61826500000001,0.0,0.0
0b01ecfc-468f-4c43-a9fb-0b6c91b5de86,[],"[[0.0, 3817.2008333333333]]",11.122716,16.61782527536853,56.640171,0.0,0.0,45.488420000000005,45.488420000000005
0b13b479-a0cf-4ecc-a7f1-02d9edcbd56c,[],"[[0.02, 910.2777777777778]]",71.277996,116.69290939168172,356.790419,0.0,0.0,224.53858300000002,224.53858300000002
0b38bcd7-50b0-4a1d-bffe-1357d28381f0,[],[],48.835545,61.669451754716974,93.356126,0.0,0.0,0.0,0.0
0b927320-1e39-430f-838e-ed8d5f32f348,[],[],93.913181,100.62110044965857,131.784804,0.0,0.0,0.0,0.0
0bb24bd2-b325-40ae-8de6-a60782494f72,"[[2248.9280555555556, 2340.244166666667]]","[[2340.244166666667, 4735.974166666667], [11920.838055555556, 12096.868888888888]]",35.507175,44.36736952934847,166.165402,95.816033,95.816033,60.006,96.783872
0c0f4c97-aedd-42e6-9a3c-b5f628833c86,"[[497.48305555555555, 671.8]]",[],15.302398,25.77110320004005,84.018947,64.84519399999999,64.84519399999999,0.0,0.0
0c24fc2b-e3fe-46c9-b2a1-35932e799ecf,[],[],9.51616,59.98692008106626,224.105361,0.0,0.0,0.0,0.0
0c2c3798-bf13-4d0b-8af1-c097862caa17,[],"[[0.0, 66.56027777777778], [461.8305555555556, 517.9905555555556]]",121.679462,133.73444953518822,179.575574,0.0,0.0,35.62227200000001,46.91114299999998
0c31a588-734e-4641-b48c-cd46604c47a2,"[[2329.0, 3457.0]]",[],26.563444,41.914721655450876,162.563173,109.09962000000002,109.09962000000002,0.0,0.0
0c7cfac7-5aac-457c-9d7b-c4b87685cb3f,"[[234.14305555555555, 1341.3944444444444]]","[[1341.3944444444444, 1697.6680555555556]]",28.825226,56.71658898424504,228.112897,189.822208,189.822208,159.451429,159.451429
0ccb2b73-3c2f-48d4-88cb-715a71041aa6,[],"[[3257.293888888889, 3780.9525]]",27.62924,44.30600427158313,191.387955,0.0,0.0,141.691938,141.691938
0cce17b6-74da-4db1-bba3-609f51c73840,[],"[[597.1133333333333, 662.3091666666667]]",71.936108,85.51487147243479,206.46569,0.0,0.0,91.94467900000001,91.94467900000001
0cd8b373-f6a5-4769-95aa-cbb8459b9395,[],"[[2922.0802777777776, 3654.3258333333333], [6565.525833333333, 7434.524166666667], [7979.5280555555555, 8532.328055555556], [8752.358055555556, 9449.079166666666], [9450.051944444445, 10140.250277777777]]",36.31096,58.86879903542464,175.679735,0.0,0.0,34.84219399999999,68.71654900000001
0cf074b1-e43b-4107-8936-53a289d8dafe,[],[],16.232022,20.301147519102784,35.733972,0.0,0.0,0.0,0.0
0cf09d9d-2504-4989-ad68-62d41d151eff,"[[16.816666666666666, 28.825], [28.825, 53.033055555555556], [53.033055555555556, 108.49166666666666]]",[],188.400956,196.49976985673976,198.861357,1.2775469999999984,2.7999580000000037,0.0,0.0
0d038dc5-922c-47bb-a852-47225352182e,[],"[[0.0, 484.94388888888886]]",34.2385,44.42143833673082,115.149817,0.0,0.0,65.81303299999999,65.81303299999999
0d042063-bf60-46f3-81eb-1e3ff422f05e,"[[2343.0630555555554, 3019.7725]]","[[3019.7725, 3377.0030555555554]]",55.394354,72.25213278821063,306.413972,105.50990599999999,105.50990599999999,5.419895999999994,5.419895999999994
0d1c4b74-8785-4a97-ac3a-4fa9f520b5ad,[],"[[815.8816666666667, 997.6480555555555]]",39.092755,44.9700656203621,189.882028,0.0,0.0,112.840317,112.840317
0d23bf0b-ac9f-4030-ac57-3e61d8b07ceb,[],[],140.910317,148.0948594168126,214.030532,0.0,0.0,0.0,0.0
0d37c186-2852-42f9-8336-2c73b25402ff,[],"[[1.2469444444444444, 1273.1605555555554]]",68.646491,77.27479847884284,176.947644,0.0,0.0,106.462259,106.462259
0d3f1e79-6370-4a84-b26a-66ad27c7704b,[],"[[2741.742777777778, 4618.724166666667]]",18.937919,55.352741708117364,259.92976,0.0,0.0,136.465259,136.465259
0d4db2c6-1795-4e37-bb05-f67f238bb483,"[[2298.1630555555557, 2398.9513888888887], [2591.0852777777777, 2708.956388888889]]","[[403.2463888888889, 1207.9280555555556], [1392.4141666666667, 2298.1630555555557], [2398.9513888888887, 2559.6430555555557], [2708.956388888889, 2923.4283333333333], [21764.97527777778, 22227.385833333334]]",29.963407,62.67353292874183,185.913196,72.45047100000001,78.399776,54.73998999999999,92.13050400000002
0d993ced-dbd8-4079-bacf-a0b300480da8,"[[697.3194444444445, 1942.815], [11644.93638888889, 12197.375]]","[[12197.375, 13302.97], [15652.9475, 15835.750555555556]]",112.613209,131.16714412843558,266.247927,36.777871000000005,86.689314,88.54756499999999,90.967161
0dc47ae5-27a7-4396-8d50-59cfba97dc62,[],"[[32.147777777777776, 292.69444444444446]]",12.792114,54.91982672003835,116.084701,0.0,0.0,61.998781,61.998781
0dcd5146-cdec-47ed-a00e-89b9e96aa90d,[],[],176.666758,194.30031573624666,306.415216,0.0,0.0,0.0,0.0
0e13e5c8-a6ee-4fce-ae02-cc84b29f2290,[],[],30.792494,40.144488228886075,220.489351,0.0,0.0,0.0,0.0
0e30215f-d62a-45f5-8a8c-d35f6c6f59ad,[],[],15.626969,20.11107483196802,138.466027,0.0,0.0,0.0,0.0
0e45834b-71c4-4ad3-9255-a71e9bd4a387,[],"[[0.0, 3491.8255555555556]]",107.490738,118.64216695495496,206.01672,0.0,0.0,84.66653199999999,84.66653199999999
0e543536-eb92-4b27-a639-631033461fb0,[],[],137.080769,139.3722694309171,163.018911,0.0,0.0,0.0,0.0
0e589fba-2b7c-407f-902f-180fdc041319,[],[],45.185947,63.82611340186916,129.968619,0.0,0.0,0.0,0.0
0e6a94f9-018f-438a-821e-fb51d4ed6f7b,[],"[[5879.942777777777, 6808.895277777778]]",24.510116,39.70422936131599,137.747246,0.0,0.0,90.97683900000001,90.97683900000001
0e7bc095-559e-4b0b-b727-c7103744ec3c,[],"[[3375.7205555555556, 5016.078333333333]]",33.792598,53.02061568180515,360.283312,0.0,0.0,71.987844,71.987844
0ea90951-4f6d-466b-ade1-303a2f7a9366,[],[],16.492869,19.030462760547323,24.390433,0.0,0.0,0.0,0.0
0eb10cd0-4778-4477-ad62-b11563aadde9,[],[],63.251346,78.37228572977389,111.856207,0.0,0.0,0.0,0.0
0ebd4d71-c8d4-42bb-8da1-391189f56843,[],"[[3607.4738888888887, 3826.921388888889]]",18.812766,34.67043188302944,212.874108,0.0,0.0,135.88455599999998,135.88455599999998
0ee8eafa-67df-4ab6-a7b4-10dfd4d3b830,[],"[[4780.188055555555, 4995.314166666667]]",26.463147,35.028826653203886,86.85338,0.0,0.0,16.370024,16.370024
0f34b2fd-bfe5-4aa5-951f-39bb8deae8b1,[],"[[3730.9980555555558, 3826.4983333333334]]",74.618469,80.8889048217692,123.263011,0.0,0.0,17.893401999999995,17.893401999999995
0f553a1e-e926-4564-878d-ceb3d1f2349e,[],"[[0.0, 839.6666666666666]]",121.257193,160.70174594017786,188.136938,0.0,0.0,53.42678699999999,53.42678699999999
0f9aadfe-dc72-42e5-9194-e397d6ac2a93,[],[],19.992358,33.39037659723234,131.999365,0.0,0.0,0.0,0.0
0fba8e5b-33df-435c-9870-b55c4000536a,[],"[[1.1077777777777778, 270.6744444444444]]",32.038255,36.58511081795141,144.501115,0.0,0.0,82.469537,82.469537
0fc2945b-ca39-4616-a390-8a2c7a7b01ef,[],"[[4987.77, 5059.718333333333]]",47.404507,52.27832518054282,134.945735,0.0,0.0,49.021152,49.021152
0fee1ba0-8eeb-4ca0-acfc-5f363005a543,[],[],24.848076,32.89975793952619,55.828593,0.0,0.0,0.0,0.0
1a184812-f6e0-44cf-b45c-0f9a9e0aca81,"[[8185.706666666667, 8227.13]]","[[8227.13, 8624.936666666666]]",39.724824,43.81237785416612,68.363172,16.598433999999997,16.598433999999997,15.601560999999997,15.601560999999997
1a49a987-b806-4443-b2da-455fff08b293,[],"[[5577.519444444444, 5806.890833333333]]",14.60608,49.37813026101434,145.448196,0.0,0.0,38.568373,38.568373
1a58b598-98cc-4b74-b33b-36445186cab1,[],[],42.956455,43.97174267642771,46.45616,0.0,0.0,0.0,0.0
1a59cef2-4b41-432e-90fa-7db8e965e35b,[],[],92.973741,119.57705437974683,212.888958,0.0,0.0,0.0,0.0
1a70ce63-c8d7-4a25-ad3f-4ecfb10814d5,[],"[[6325.948055555556, 6350.296666666667]]",99.339952,143.0230125494425,333.161657,0.0,0.0,111.30145300000001,111.30145300000001
1abd2075-2c72-445c-bd41-523e41914274,[],[],87.818087,136.3565449475805,255.557119,0.0,0.0,0.0,0.0
1ac6ec34-2f18-4cf9-b972-aff80d8f7c2b,[],[],36.553872,78.4228040489796,114.806536,0.0,0.0,0.0,0.0
1af5e0ef-715a-4d6f-84ad-390fbf80a125,[],"[[2326.1016666666665, 2490.7105555555554]]",37.843974,48.798244575995774,138.934729,0.0,0.0,22.35707500000001,22.35707500000001
1b1f4181-8dea-45a2-a0bd-e130c5273920,[],"[[12718.174444444445, 13356.035]]",19.458884,26.78049539384315,72.119119,0.0,0.0,45.333676999999994,45.333676999999994
1b3ce9f9-11d6-4600-91c1-c15854df23cf,[],"[[3607.4738888888887, 3826.921388888889]]",25.233719,41.091384645572646,219.295061,0.0,0.0,135.88455599999998,135.88455599999998
1b438416-aa1b-4613-8ac9-e2026a37958d,[],[],18.984911,55.4117423868601,185.375743,0.0,0.0,0.0,0.0
1b8d70c2-a094-41f7-bb46-836d1a61ac24,[],"[[0.0, 648.9155555555556]]",46.651212,52.423857252926766,78.58989,0.0,0.0,31.938677999999996,31.938677999999996
1bb8ec85-482b-417a-a708-73e7c0baf55a,[],[],56.65619,60.86289453796657,91.149072,0.0,0.0,0.0,0.0
1bdbd848-fb85-4978-97d8-23fab1e46853,[],"[[0.0, 34.69]]",54.168386,59.64439897629278,90.675262,0.0,0.0,29.906216,29.906216
1bfbdc37-48e0-489e-a67d-c4523f2c91ac,[],[],52.919793,65.9889331670469,162.537206,0.0,0.0,0.0,0.0
1c0e8d10-ba4a-499f-8159-bde6dc70b1c8,[],"[[0.0, 1104.0]]",134.657742,136.51076158134327,142.089082,0.0,0.0,5.012726999999984,5.012726999999984
1c17a84f-a6b4-4df6-924e-f96690180ebf,"[[2361.4441666666667, 3406.0391666666665], [6923.262777777778, 7145.1738888888885]]","[[7145.1738888888885, 7315.887777777778]]",10.95997,56.97533485249451,309.402718,-69.877955,247.679606,258.83878699999997,258.83878699999997
1c31f7e6-c737-4afa-923b-8e89f25fa6cf,[],"[[0.0, 156.51666666666668]]",109.634915,160.47860726190476,279.734506,0.0,0.0,106.99941000000001,106.99941000000001
1c565fd4-b9ec-4c59-a2c0-1a5b8c1361d0,"[[2961.8175, 3498.2294444444447]]","[[3498.2294444444447, 5967.544166666667], [12060.458055555555, 12209.724444444444]]",28.120824,45.32155345228444,211.360761,162.689818,162.689818,149.928864,160.390233
1c68f939-635f-463e-81ec-d3d73fb49d5d,[],"[[261.48555555555555, 273.3952777777778]]",6.878363,46.18907867584883,143.379433,0.0,0.0,89.02045000000001,89.02045000000001
1c890468-db6f-427e-b0c2-4b16a54cca81,[],"[[0.0, 443.4125]]",35.739418,50.62818965704132,99.739418,0.0,0.0,48.0,48.0
1c9db047-e335-46ac-8039-effd8589b25b,"[[329.5966666666667, 341.3513888888889], [2354.8902777777776, 2386.119166666667]]","[[341.3513888888889, 2087.836388888889], [2386.119166666667, 2857.6280555555554]]",37.385205,50.84528978512216,202.053285,29.190015000000002,135.46838499999998,13.598134000000002,143.995045
1ca62f06-d317-441f-84fc-9ec39ee7fce7,[],"[[0.0, 33.5025]]",32.567397,48.53921228702328,146.772366,0.0,0.0,91.94467900000001,91.94467900000001
1cb3ad48-cb63-4818-ac4f-9831d0336863,[],[],45.233381,54.15499902288668,145.085302,0.0,0.0,0.0,0.0
1cb91314-2c80-490d-8ed1-916720ba6d41,[],[],46.615467,62.85693521492007,193.823736,0.0,0.0,0.0,0.0
1cbce6e5-9f0b-419f-9527-7add4e255217,"[[3187.110277777778, 3637.1241666666665]]","[[3637.1241666666665, 3768.15], [7493.516666666666, 7621.344166666667], [8212.129166666668, 8590.413888888888]]",26.594447,37.23640245251315,101.894235,47.099871,47.099871,23.700435,58.499075999999995
1cd4a74a-d7a9-4660-8b55-033a1d0a5892,[],[],78.36581,84.17772664599552,107.400971,0.0,0.0,0.0,0.0
1cd75aaa-0732-4791-a0ca-022b0cfbb0a1,[],"[[5878.4944444444445, 6808.0008333333335]]",28.404939,43.5990527143449,141.642069,0.0,0.0,103.55874299999999,103.55874299999999
1ce2f548-606d-492b-8dae-c1c0913d6c8c,"[[6.833055555555555, 151.225]]",[],179.090088,191.45836598047282,211.459399,11.82118299999999,11.82118299999999,0.0,0.0
1ced674f-111f-4f68-920b-906f87ade09f,"[[7396.016666666666, 7474.016666666666], [19490.8, 20158.933055555557]]",[],6.068235,11.443732452772979,35.974452,25.357375,28.74481,0.0,0.0
1d3c13e9-0e1b-4291-9dcc-16507663ebf8,"[[2738.6705555555554, 2762.6094444444443]]","[[5060.366666666667, 5827.683333333333]]",37.202304,74.84075367072484,163.176192,48.99199600000001,48.99199600000001,32.99362199999999,32.99362199999999
1d4741c1-9665-483b-9472-475b4dce5fe8,[],"[[5481.013055555555, 5580.6883333333335]]",33.076628,116.37618504168061,400.378974,0.0,0.0,46.454361999999975,46.454361999999975
1d8f7786-2b1a-4b9b-b543-c4551506a982,[],"[[11.231944444444444, 348.5775]]",72.966624,141.6032666890383,270.405722,0.0,0.0,89.041549,89.041549
1d94d884-9754-44e7-bd04-51f1e629f358,[],[],61.682051,85.64977133620704,280.868485,0.0,0.0,0.0,0.0
1dc54423-23b8-4bbf-9381-6e9acf9cccc4,[],[],101.623435,121.8123057934669,242.927888,0.0,0.0,0.0,0.0
1deeb502-bbec-439a-a049-1601bc3cfcd8,"[[4406.5216666666665, 4452.418333333333]]","[[4527.859166666667, 4554.343055555555], [9054.826944444445, 9440.829444444444], [9447.818333333333, 10115.365]]",29.163965,71.1746058565446,181.114644,40.649226,40.649226,14.517581000000007,54.198969000000005
1dfaf03c-e297-4d92-a0bf-40b1a829391f,[],[],142.357346,154.06696325858292,181.557049,0.0,0.0,0.0,0.0
1e149fbd-41c6-4779-b87d-c5dc17fbb4c0,[],"[[0.0, 635.3127777777778]]",75.362475,83.64572758344923,160.532492,0.0,0.0,85.102268,85.102268
1e19b77c-8a0e-4749-a384-9c1e679035bf,[],[],106.2498,136.863864769863,229.862162,0.0,0.0,0.0,0.0
1e4b4c18-1e32-45eb-917a-5760e33fbaca,"[[9541.77638888889, 10288.5075]]","[[10339.343055555555, 10739.613055555556], [13117.664444444445, 13194.01638888889]]",17.691097,62.91735092614206,236.550942,186.89979599999998,186.89979599999998,125.52028000000001,147.59964000000002
1e7f7ecb-a6a7-40ef-9d1c-48aa96eb6c38,[],[],28.355892,46.80546213273473,212.187178,0.0,0.0,0.0,0.0
